image_width: 1280
image_height: 720
camera_name: rpi_hq_1280x720
distortion_model: plumb_bob
distortion_coefficients:
  rows: 1
  cols: 5
  data: [-0.5385962821846051, 0.8168725093434503, 0.0016706418675803557, -0.002297266026007122, -1.8768558648849203]
camera_matrix:
  rows: 3
  cols: 3
  data: [1326.0578954543187, 0.0, 706.8299589610914, 0.0, 1330.0652322881647, 306.7882929918941, 0.0, 0.0, 1.0]
rectification_matrix:
  rows: 3
  cols: 3
  data: [1.0, 0.0, 0.0, 0.0, 1.0, 0.0, 0.0, 0.0, 1.0]
projection_matrix:
  rows: 3
  cols: 4
  data: [1326.0578954543187, 0.0, 706.8299589610914, 0.0, 0.0, 1330.0652322881647, 306.7882929918941, 0.0, 0.0, 0.0, 1.0, 0.0]
